/config,noeldb,1     ! force off writing results to database
*get,_wallstrt,active,,time,wall
/com,--- Data in consistent NMM units. See Solving Units in the help system for more information.
/units,MPA
/nopr
/wb,file,start              !  signify a WB generated input file
/prep7
! Turn off shape checking because checks already performed inside WB mesher.
! See help system for more information.
SHPP,OFF,,NOWARN
/nolist
etcon,set             ! allow ANSYS to choose best KEYOP's for 180x elements
/com,*********** Nodes for the whole assembly ***********
nblock,3,,650
(1i9,3e20.9e3)
        1    2.217276676E+000    2.675855009E+001    5.000000000E+000
        2    4.419407105E+000    2.648405482E+001    5.000000000E+000
        3    6.591348502E+000    2.602864660E+001    5.000000000E+000
        4    8.718264305E+000    2.539543633E+001    5.000000000E+000
        5    1.078562552E+001    2.458874948E+001    5.000000000E+000
        6    1.277930998E+001    2.361409654E+001    5.000000000E+000
        7    1.468569879E+001    2.247813537E+001    5.000000000E+000
        8    1.649176939E+001    2.118862575E+001    5.000000000E+000
        9    1.818518449E+001    1.975437633E+001    5.000000000E+000
       10    1.975437633E+001    1.818518449E+001    5.000000000E+000
       11    2.118862575E+001    1.649176939E+001    5.000000000E+000
       12    2.247813537E+001    1.468569879E+001    5.000000000E+000
       13    2.361409654E+001    1.277930998E+001    5.000000000E+000
       14    2.458874948E+001    1.078562552E+001    5.000000000E+000
       15    2.539543633E+001    8.718264305E+000    5.000000000E+000
       16    2.602864660E+001    6.591348502E+000    5.000000000E+000
       17    2.648405482E+001    4.419407105E+000    5.000000000E+000
       18    2.675855009E+001    2.217276676E+000    5.000000000E+000
       19    2.675855009E+001    2.217276676E+000    0.000000000E+000
       20    2.648405482E+001    4.419407105E+000    0.000000000E+000
       21    2.602864660E+001    6.591348502E+000    0.000000000E+000
       22    2.539543633E+001    8.718264305E+000    0.000000000E+000
       23    2.458874948E+001    1.078562552E+001    0.000000000E+000
       24    2.361409654E+001    1.277930998E+001    0.000000000E+000
       25    2.247813537E+001    1.468569879E+001    0.000000000E+000
       26    2.118862575E+001    1.649176939E+001    0.000000000E+000
       27    1.975437633E+001    1.818518449E+001    0.000000000E+000
       28    1.818518449E+001    1.975437633E+001    0.000000000E+000
       29    1.649176939E+001    2.118862575E+001    0.000000000E+000
       30    1.468569879E+001    2.247813537E+001    0.000000000E+000
       31    1.277930998E+001    2.361409654E+001    0.000000000E+000
       32    1.078562552E+001    2.458874948E+001    0.000000000E+000
       33    8.718264305E+000    2.539543633E+001    0.000000000E+000
       34    6.591348502E+000    2.602864660E+001    0.000000000E+000
       35    4.419407105E+000    2.648405482E+001    0.000000000E+000
       36    2.217276676E+000    2.675855009E+001    0.000000000E+000
       37    2.217276676E+000    2.675855009E+001    1.000000000E+001
       38    4.419407105E+000    2.648405482E+001    1.000000000E+001
       39    6.591348502E+000    2.602864660E+001    1.000000000E+001
       40    8.718264305E+000    2.539543633E+001    1.000000000E+001
       41    1.078562552E+001    2.458874948E+001    1.000000000E+001
       42    1.277930998E+001    2.361409654E+001    1.000000000E+001
       43    1.468569879E+001    2.247813537E+001    1.000000000E+001
       44    1.649176939E+001    2.118862575E+001    1.000000000E+001
       45    1.818518449E+001    1.975437633E+001    1.000000000E+001
       46    1.975437633E+001    1.818518449E+001    1.000000000E+001
       47    2.118862575E+001    1.649176939E+001    1.000000000E+001
       48    2.247813537E+001    1.468569879E+001    1.000000000E+001
       49    2.361409654E+001    1.277930998E+001    1.000000000E+001
       50    2.458874948E+001    1.078562552E+001    1.000000000E+001
       51    2.539543633E+001    8.718264305E+000    1.000000000E+001
       52    2.602864660E+001    6.591348502E+000    1.000000000E+001
       53    2.648405482E+001    4.419407105E+000    1.000000000E+001
       54    2.675855009E+001    2.217276676E+000    1.000000000E+001
       55    2.685025734E+001    0.000000000E+000    1.000000000E+001
       56    2.258335598E+001    0.000000000E+000    1.000000000E+001
       57    2.250622237E+001    1.864918755E+000    1.000000000E+001
       58    2.227534844E+001    3.717098224E+000    1.000000000E+001
       59    2.189231129E+001    5.543886143E+000    1.000000000E+001
       60    2.135972746E+001    7.332803698E+000    1.000000000E+001
       61    2.068123503E+001    9.071630769E+000    1.000000000E+001
       62    1.986146879E+001    1.074848940E+001    1.000000000E+001
       63    1.890602859E+001    1.235192496E+001    1.000000000E+001
       64    1.782144104E+001    1.387098434E+001    1.000000000E+001
       65    1.661511497E+001    1.529529083E+001    1.000000000E+001
       66    1.529529083E+001    1.661511497E+001    1.000000000E+001
       67    1.387098434E+001    1.782144104E+001    1.000000000E+001
       68    1.235192496E+001    1.890602859E+001    1.000000000E+001
       69    1.074848940E+001    1.986146879E+001    1.000000000E+001
       70    9.071630769E+000    2.068123503E+001    1.000000000E+001
       71    7.332803698E+000    2.135972746E+001    1.000000000E+001
       72    5.543886143E+000    2.189231129E+001    1.000000000E+001
       73    3.717098224E+000    2.227534844E+001    1.000000000E+001
       74    1.864918755E+000    2.250622237E+001    1.000000000E+001
       75    0.000000000E+000    2.258335598E+001    1.000000000E+001
       76    1.644104085E-015    2.685025734E+001    1.000000000E+001
       77    3.111715869E+001    0.000000000E+000    1.000000000E+001
       78    3.101087782E+001    2.569634598E+000    1.000000000E+001
       79    3.069276121E+001    5.121715986E+000    1.000000000E+001
       80    3.016498191E+001    7.638810861E+000    1.000000000E+001
       81    2.943114521E+001    1.010372491E+001    1.000000000E+001
       82    2.849626393E+001    1.249962028E+001    1.000000000E+001
       83    2.736672428E+001    1.481013056E+001    1.000000000E+001
       84    2.605024216E+001    1.701947263E+001    1.000000000E+001
       85    2.455581046E+001    1.911255445E+001    1.000000000E+001
       86    2.289363768E+001    2.107507815E+001    1.000000000E+001
       87    2.107507815E+001    2.289363768E+001    1.000000000E+001
       88    1.911255445E+001    2.455581046E+001    1.000000000E+001
       89    1.701947263E+001    2.605024216E+001    1.000000000E+001
       90    1.481013056E+001    2.736672428E+001    1.000000000E+001
       91    1.249962028E+001    2.849626393E+001    1.000000000E+001
       92    1.010372491E+001    2.943114521E+001    1.000000000E+001
       93    7.638810861E+000    3.016498191E+001    1.000000000E+001
       94    5.121715986E+000    3.069276121E+001    1.000000000E+001
       95    0.000000000E+000    3.111715869E+001    1.000000000E+001
       96    2.569634598E+000    3.101087782E+001    1.000000000E+001
       97    2.569634598E+000    3.101087782E+001    5.000000000E+000
       98    5.121715986E+000    3.069276121E+001    5.000000000E+000
       99    7.638810861E+000    3.016498191E+001    5.000000000E+000
      100    1.010372491E+001    2.943114521E+001    5.000000000E+000
      101    1.249962028E+001    2.849626393E+001    5.000000000E+000
      102    1.481013056E+001    2.736672428E+001    5.000000000E+000
      103    1.701947263E+001    2.605024216E+001    5.000000000E+000
      104    1.911255445E+001    2.455581046E+001    5.000000000E+000
      105    2.107507815E+001    2.289363768E+001    5.000000000E+000
      106    2.289363768E+001    2.107507815E+001    5.000000000E+000
      107    2.455581046E+001    1.911255445E+001    5.000000000E+000
      108    2.605024216E+001    1.701947263E+001    5.000000000E+000
      109    2.736672428E+001    1.481013056E+001    5.000000000E+000
      110    2.849626393E+001    1.249962028E+001    5.000000000E+000
      111    2.943114521E+001    1.010372491E+001    5.000000000E+000
      112    3.016498191E+001    7.638810861E+000    5.000000000E+000
      113    3.069276121E+001    5.121715986E+000    5.000000000E+000
      114    3.101087782E+001    2.569634598E+000    5.000000000E+000
      115    3.101087782E+001    2.569634598E+000    0.000000000E+000
      116    3.111715869E+001    0.000000000E+000    0.000000000E+000
      117    3.069276121E+001    5.121715986E+000    0.000000000E+000
      118    3.016498191E+001    7.638810861E+000    0.000000000E+000
      119    2.943114521E+001    1.010372491E+001    0.000000000E+000
      120    2.849626393E+001    1.249962028E+001    0.000000000E+000
      121    2.736672428E+001    1.481013056E+001    0.000000000E+000
      122    2.605024216E+001    1.701947263E+001    0.000000000E+000
      123    2.455581046E+001    1.911255445E+001    0.000000000E+000
      124    2.289363768E+001    2.107507815E+001    0.000000000E+000
      125    2.107507815E+001    2.289363768E+001    0.000000000E+000
      126    1.911255445E+001    2.455581046E+001    0.000000000E+000
      127    1.701947263E+001    2.605024216E+001    0.000000000E+000
      128    1.481013056E+001    2.736672428E+001    0.000000000E+000
      129    1.249962028E+001    2.849626393E+001    0.000000000E+000
      130    1.010372491E+001    2.943114521E+001    0.000000000E+000
      131    7.638810861E+000    3.016498191E+001    0.000000000E+000
      132    5.121715986E+000    3.069276121E+001    0.000000000E+000
      133    2.569634598E+000    3.101087782E+001    0.000000000E+000
      134    0.000000000E+000    3.111715869E+001    0.000000000E+000
      135    3.111715869E+001    0.000000000E+000    5.000000000E+000
      136    1.905376440E-015    3.111715869E+001    5.000000000E+000
      137    1.644104085E-015    2.685025734E+001    5.000000000E+000
      138    1.644104085E-015    2.685025734E+001    0.000000000E+000
      139    0.000000000E+000    2.258335598E+001    0.000000000E+000
      140    1.382831730E-015    2.258335598E+001    5.000000000E+000
      141    2.250622237E+001    1.864918755E+000    5.000000000E+000
      142    2.227534844E+001    3.717098224E+000    5.000000000E+000
      143    2.189231129E+001    5.543886143E+000    5.000000000E+000
      144    2.135972746E+001    7.332803698E+000    5.000000000E+000
      145    2.068123503E+001    9.071630769E+000    5.000000000E+000
      146    1.986146879E+001    1.074848940E+001    5.000000000E+000
      147    1.890602859E+001    1.235192496E+001    5.000000000E+000
      148    1.782144104E+001    1.387098434E+001    5.000000000E+000
      149    1.661511497E+001    1.529529083E+001    5.000000000E+000
      150    1.529529083E+001    1.661511497E+001    5.000000000E+000
      151    1.387098434E+001    1.782144104E+001    5.000000000E+000
      152    1.235192496E+001    1.890602859E+001    5.000000000E+000
      153    1.074848940E+001    1.986146879E+001    5.000000000E+000
      154    9.071630769E+000    2.068123503E+001    5.000000000E+000
      155    7.332803698E+000    2.135972746E+001    5.000000000E+000
      156    5.543886143E+000    2.189231129E+001    5.000000000E+000
      157    3.717098224E+000    2.227534844E+001    5.000000000E+000
      158    1.864918755E+000    2.250622237E+001    5.000000000E+000
      159    2.250622237E+001    1.864918755E+000    0.000000000E+000
      160    2.258335598E+001    0.000000000E+000    0.000000000E+000
      161    2.227534844E+001    3.717098224E+000    0.000000000E+000
      162    2.189231129E+001    5.543886143E+000    0.000000000E+000
      163    2.135972746E+001    7.332803698E+000    0.000000000E+000
      164    2.068123503E+001    9.071630769E+000    0.000000000E+000
      165    1.986146879E+001    1.074848940E+001    0.000000000E+000
      166    1.890602859E+001    1.235192496E+001    0.000000000E+000
      167    1.782144104E+001    1.387098434E+001    0.000000000E+000
      168    1.661511497E+001    1.529529083E+001    0.000000000E+000
      169    1.529529083E+001    1.661511497E+001    0.000000000E+000
      170    1.387098434E+001    1.782144104E+001    0.000000000E+000
      171    1.235192496E+001    1.890602859E+001    0.000000000E+000
      172    1.074848940E+001    1.986146879E+001    0.000000000E+000
      173    9.071630769E+000    2.068123503E+001    0.000000000E+000
      174    7.332803698E+000    2.135972746E+001    0.000000000E+000
      175    5.543886143E+000    2.189231129E+001    0.000000000E+000
      176    3.717098224E+000    2.227534844E+001    0.000000000E+000
      177    1.864918755E+000    2.250622237E+001    0.000000000E+000
      178    2.258335598E+001    0.000000000E+000    5.000000000E+000
      179    2.685025734E+001    0.000000000E+000    5.000000000E+000
      180    2.685025734E+001    0.000000000E+000    0.000000000E+000
      181    3.318341891E+000    2.662130246E+001    5.000000000E+000
      182    2.217276676E+000    2.675855009E+001    2.500000000E+000
      183    2.217276676E+000    2.675855009E+001    7.500000000E+000
      184    2.393455637E+000    2.888471396E+001    5.000000000E+000
      185    1.108638338E+000    2.680440371E+001    5.000000000E+000
      186    2.041097716E+000    2.463238623E+001    5.000000000E+000
      187    5.505377803E+000    2.625635071E+001    5.000000000E+000
      188    4.419407105E+000    2.648405482E+001    2.500000000E+000
      189    4.419407105E+000    2.648405482E+001    7.500000000E+000
      190    4.770561546E+000    2.858840801E+001    5.000000000E+000
      191    4.068252664E+000    2.437970163E+001    5.000000000E+000
      192    7.654806403E+000    2.571204147E+001    5.000000000E+000
      193    6.591348502E+000    2.602864660E+001    2.500000000E+000
      194    6.591348502E+000    2.602864660E+001    7.500000000E+000
      195    7.115079681E+000    2.809681426E+001    5.000000000E+000
      196    6.067617322E+000    2.396047894E+001    5.000000000E+000
      197    9.751944913E+000    2.499209291E+001    5.000000000E+000
      198    8.718264305E+000    2.539543633E+001    2.500000000E+000
      199    8.718264305E+000    2.539543633E+001    7.500000000E+000
      200    9.410994608E+000    2.741329077E+001    5.000000000E+000
      201    8.025534001E+000    2.337758189E+001    5.000000000E+000
      202    1.178246775E+001    2.410142301E+001    5.000000000E+000
      203    1.078562552E+001    2.458874948E+001    2.500000000E+000
      204    1.078562552E+001    2.458874948E+001    7.500000000E+000
      205    1.164262290E+001    2.654250671E+001    5.000000000E+000
      206    9.928628145E+000    2.263499226E+001    5.000000000E+000
      207    1.373250439E+001    2.304611596E+001    5.000000000E+000
      208    1.277930998E+001    2.361409654E+001    2.500000000E+000
      209    1.277930998E+001    2.361409654E+001    7.500000000E+000
      210    1.379472027E+001    2.549041041E+001    5.000000000E+000
      211    1.176389969E+001    2.173778267E+001    5.000000000E+000
      212    1.558873409E+001    2.183338056E+001    5.000000000E+000
      213    1.468569879E+001    2.247813537E+001    2.500000000E+000
      214    1.468569879E+001    2.247813537E+001    7.500000000E+000
      215    1.585258571E+001    2.426418877E+001    5.000000000E+000
      216    1.351881187E+001    2.069208198E+001    5.000000000E+000
      217    1.733847694E+001    2.047150104E+001    5.000000000E+000
      218    1.649176939E+001    2.118862575E+001    2.500000000E+000
      219    1.649176939E+001    2.118862575E+001    7.500000000E+000
      220    1.780216192E+001    2.287221811E+001    5.000000000E+000
      221    1.518137686E+001    1.950503339E+001    5.000000000E+000
      222    1.896978041E+001    1.896978041E+001    5.000000000E+000
      223    1.818518449E+001    1.975437633E+001    2.500000000E+000
      224    1.818518449E+001    1.975437633E+001    7.500000000E+000
      225    1.963013132E+001    2.132400701E+001    5.000000000E+000
      226    1.674023766E+001    1.818474565E+001    5.000000000E+000
      227    2.047150104E+001    1.733847694E+001    5.000000000E+000
      228    1.975437633E+001    1.818518449E+001    2.500000000E+000
      229    1.975437633E+001    1.818518449E+001    7.500000000E+000
      230    2.132400701E+001    1.963013132E+001    5.000000000E+000
      231    1.818474565E+001    1.674023766E+001    5.000000000E+000
      232    2.183338056E+001    1.558873409E+001    5.000000000E+000
      233    2.118862575E+001    1.649176939E+001    2.500000000E+000
      234    2.118862575E+001    1.649176939E+001    7.500000000E+000
      235    2.287221811E+001    1.780216192E+001    5.000000000E+000
      236    1.950503339E+001    1.518137686E+001    5.000000000E+000
      237    2.304611596E+001    1.373250439E+001    5.000000000E+000
      238    2.247813537E+001    1.468569879E+001    2.500000000E+000
      239    2.247813537E+001    1.468569879E+001    7.500000000E+000
      240    2.426418877E+001    1.585258571E+001    5.000000000E+000
      241    2.069208198E+001    1.351881187E+001    5.000000000E+000
      242    2.410142301E+001    1.178246775E+001    5.000000000E+000
      243    2.361409654E+001    1.277930998E+001    2.500000000E+000
      244    2.361409654E+001    1.277930998E+001    7.500000000E+000
      245    2.549041041E+001    1.379472027E+001    5.000000000E+000
      246    2.173778267E+001    1.176389969E+001    5.000000000E+000
      247    2.499209291E+001    9.751944913E+000    5.000000000E+000
      248    2.458874948E+001    1.078562552E+001    2.500000000E+000
      249    2.458874948E+001    1.078562552E+001    7.500000000E+000
      250    2.654250671E+001    1.164262290E+001    5.000000000E+000
      251    2.263499226E+001    9.928628145E+000    5.000000000E+000
      252    2.571204147E+001    7.654806403E+000    5.000000000E+000
      253    2.539543633E+001    8.718264305E+000    2.500000000E+000
      254    2.539543633E+001    8.718264305E+000    7.500000000E+000
      255    2.741329077E+001    9.410994608E+000    5.000000000E+000
      256    2.337758189E+001    8.025534001E+000    5.000000000E+000
      257    2.625635071E+001    5.505377803E+000    5.000000000E+000
      258    2.602864660E+001    6.591348502E+000    2.500000000E+000
      259    2.602864660E+001    6.591348502E+000    7.500000000E+000
      260    2.809681426E+001    7.115079681E+000    5.000000000E+000
      261    2.396047894E+001    6.067617322E+000    5.000000000E+000
      262    2.662130246E+001    3.318341891E+000    5.000000000E+000
      263    2.648405482E+001    4.419407105E+000    2.500000000E+000
      264    2.648405482E+001    4.419407105E+000    7.500000000E+000
      265    2.858840801E+001    4.770561546E+000    5.000000000E+000
      266    2.437970163E+001    4.068252664E+000    5.000000000E+000
      267    2.675855009E+001    2.217276676E+000    2.500000000E+000
      268    2.675855009E+001    2.217276676E+000    7.500000000E+000
      269    2.888471396E+001    2.393455637E+000    5.000000000E+000
      270    2.463238623E+001    2.041097716E+000    5.000000000E+000
      271    2.680440371E+001    1.108638338E+000    5.000000000E+000
      272    2.662130246E+001    3.318341891E+000    0.000000000E+000
      273    2.888471396E+001    2.393455637E+000    0.000000000E+000
      274    2.463238623E+001    2.041097716E+000    0.000000000E+000
      275    2.680440371E+001    1.108638338E+000    0.000000000E+000
      276    2.625635071E+001    5.505377803E+000    0.000000000E+000
      277    2.858840801E+001    4.770561546E+000    0.000000000E+000
      278    2.437970163E+001    4.068252664E+000    0.000000000E+000
      279    2.571204147E+001    7.654806403E+000    0.000000000E+000
      280    2.809681426E+001    7.115079681E+000    0.000000000E+000
      281    2.396047894E+001    6.067617322E+000    0.000000000E+000
      282    2.499209291E+001    9.751944913E+000    0.000000000E+000
      283    2.741329077E+001    9.410994608E+000    0.000000000E+000
      284    2.337758189E+001    8.025534001E+000    0.000000000E+000
      285    2.410142301E+001    1.178246775E+001    0.000000000E+000
      286    2.654250671E+001    1.164262290E+001    0.000000000E+000
      287    2.263499226E+001    9.928628145E+000    0.000000000E+000
      288    2.304611596E+001    1.373250439E+001    0.000000000E+000
      289    2.549041041E+001    1.379472027E+001    0.000000000E+000
      290    2.173778267E+001    1.176389969E+001    0.000000000E+000
      291    2.183338056E+001    1.558873409E+001    0.000000000E+000
      292    2.426418877E+001    1.585258571E+001    0.000000000E+000
      293    2.069208198E+001    1.351881187E+001    0.000000000E+000
      294    2.047150104E+001    1.733847694E+001    0.000000000E+000
      295    2.287221811E+001    1.780216192E+001    0.000000000E+000
      296    1.950503339E+001    1.518137686E+001    0.000000000E+000
      297    1.896978041E+001    1.896978041E+001    0.000000000E+000
      298    2.132400701E+001    1.963013132E+001    0.000000000E+000
      299    1.818474565E+001    1.674023766E+001    0.000000000E+000
      300    1.733847694E+001    2.047150104E+001    0.000000000E+000
      301    1.963013132E+001    2.132400701E+001    0.000000000E+000
      302    1.674023766E+001    1.818474565E+001    0.000000000E+000
      303    1.558873409E+001    2.183338056E+001    0.000000000E+000
      304    1.780216192E+001    2.287221811E+001    0.000000000E+000
      305    1.518137686E+001    1.950503339E+001    0.000000000E+000
      306    1.373250439E+001    2.304611596E+001    0.000000000E+000
      307    1.585258571E+001    2.426418877E+001    0.000000000E+000
      308    1.351881187E+001    2.069208198E+001    0.000000000E+000
      309    1.178246775E+001    2.410142301E+001    0.000000000E+000
      310    1.379472027E+001    2.549041041E+001    0.000000000E+000
      311    1.176389969E+001    2.173778267E+001    0.000000000E+000
      312    9.751944913E+000    2.499209291E+001    0.000000000E+000
      313    1.164262290E+001    2.654250671E+001    0.000000000E+000
      314    9.928628145E+000    2.263499226E+001    0.000000000E+000
      315    7.654806403E+000    2.571204147E+001    0.000000000E+000
      316    9.410994608E+000    2.741329077E+001    0.000000000E+000
      317    8.025534001E+000    2.337758189E+001    0.000000000E+000
      318    5.505377803E+000    2.625635071E+001    0.000000000E+000
      319    7.115079681E+000    2.809681426E+001    0.000000000E+000
      320    6.067617322E+000    2.396047894E+001    0.000000000E+000
      321    3.318341891E+000    2.662130246E+001    0.000000000E+000
      322    4.770561546E+000    2.858840801E+001    0.000000000E+000
      323    4.068252664E+000    2.437970163E+001    0.000000000E+000
      324    2.393455637E+000    2.888471396E+001    0.000000000E+000
      325    1.108638338E+000    2.680440371E+001    0.000000000E+000
      326    2.041097716E+000    2.463238623E+001    0.000000000E+000
      327    3.318341891E+000    2.662130246E+001    1.000000000E+001
      328    2.041097716E+000    2.463238623E+001    1.000000000E+001
      329    1.108638338E+000    2.680440371E+001    1.000000000E+001
      330    2.393455637E+000    2.888471396E+001    1.000000000E+001
      331    5.505377803E+000    2.625635071E+001    1.000000000E+001
      332    4.068252664E+000    2.437970163E+001    1.000000000E+001
      333    4.770561546E+000    2.858840801E+001    1.000000000E+001
      334    7.654806403E+000    2.571204147E+001    1.000000000E+001
      335    6.067617322E+000    2.396047894E+001    1.000000000E+001
      336    7.115079681E+000    2.809681426E+001    1.000000000E+001
      337    9.751944913E+000    2.499209291E+001    1.000000000E+001
      338    8.025534001E+000    2.337758189E+001    1.000000000E+001
      339    9.410994608E+000    2.741329077E+001    1.000000000E+001
      340    1.178246775E+001    2.410142301E+001    1.000000000E+001
      341    9.928628145E+000    2.263499226E+001    1.000000000E+001
      342    1.164262290E+001    2.654250671E+001    1.000000000E+001
      343    1.373250439E+001    2.304611596E+001    1.000000000E+001
      344    1.176389969E+001    2.173778267E+001    1.000000000E+001
      345    1.379472027E+001    2.549041041E+001    1.000000000E+001
      346    1.558873409E+001    2.183338056E+001    1.000000000E+001
      347    1.351881187E+001    2.069208198E+001    1.000000000E+001
      348    1.585258571E+001    2.426418877E+001    1.000000000E+001
      349    1.733847694E+001    2.047150104E+001    1.000000000E+001
      350    1.518137686E+001    1.950503339E+001    1.000000000E+001
      351    1.780216192E+001    2.287221811E+001    1.000000000E+001
      352    1.896978041E+001    1.896978041E+001    1.000000000E+001
      353    1.674023766E+001    1.818474565E+001    1.000000000E+001
      354    1.963013132E+001    2.132400701E+001    1.000000000E+001
      355    2.047150104E+001    1.733847694E+001    1.000000000E+001
      356    1.818474565E+001    1.674023766E+001    1.000000000E+001
      357    2.132400701E+001    1.963013132E+001    1.000000000E+001
      358    2.183338056E+001    1.558873409E+001    1.000000000E+001
      359    1.950503339E+001    1.518137686E+001    1.000000000E+001
      360    2.287221811E+001    1.780216192E+001    1.000000000E+001
      361    2.304611596E+001    1.373250439E+001    1.000000000E+001
      362    2.069208198E+001    1.351881187E+001    1.000000000E+001
      363    2.426418877E+001    1.585258571E+001    1.000000000E+001
      364    2.410142301E+001    1.178246775E+001    1.000000000E+001
      365    2.173778267E+001    1.176389969E+001    1.000000000E+001
      366    2.549041041E+001    1.379472027E+001    1.000000000E+001
      367    2.499209291E+001    9.751944913E+000    1.000000000E+001
      368    2.263499226E+001    9.928628145E+000    1.000000000E+001
      369    2.654250671E+001    1.164262290E+001    1.000000000E+001
      370    2.571204147E+001    7.654806403E+000    1.000000000E+001
      371    2.337758189E+001    8.025534001E+000    1.000000000E+001
      372    2.741329077E+001    9.410994608E+000    1.000000000E+001
      373    2.625635071E+001    5.505377803E+000    1.000000000E+001
      374    2.396047894E+001    6.067617322E+000    1.000000000E+001
      375    2.809681426E+001    7.115079681E+000    1.000000000E+001
      376    2.662130246E+001    3.318341891E+000    1.000000000E+001
      377    2.437970163E+001    4.068252664E+000    1.000000000E+001
      378    2.858840801E+001    4.770561546E+000    1.000000000E+001
      379    2.680440371E+001    1.108638338E+000    1.000000000E+001
      380    2.463238623E+001    2.041097716E+000    1.000000000E+001
      381    2.888471396E+001    2.393455637E+000    1.000000000E+001
      382    2.471680666E+001    0.000000000E+000    1.000000000E+001
      383    2.898370801E+001    0.000000000E+000    1.000000000E+001
      384    2.685025734E+001    0.000000000E+000    7.500000000E+000
      385    2.256406433E+001    9.332566041E-001    1.000000000E+001
      386    2.258335598E+001    0.000000000E+000    7.500000000E+000
      387    2.240992889E+001    2.793394724E+000    1.000000000E+001
      388    2.250622237E+001    1.864918755E+000    7.500000000E+000
      389    2.210271092E+001    4.634451124E+000    1.000000000E+001
      390    2.227534844E+001    3.717098224E+000    7.500000000E+000
      391    2.164450901E+001    6.443849525E+000    1.000000000E+001
      392    2.189231129E+001    5.543886143E+000    7.500000000E+000
      393    2.103845317E+001    8.209229899E+000    1.000000000E+001
      394    2.135972746E+001    7.332803698E+000    7.500000000E+000
      395    2.028868335E+001    9.918532909E+000    1.000000000E+001
      396    2.068123503E+001    9.071630769E+000    7.500000000E+000
      397    1.940032125E+001    1.156008228E+001    1.000000000E+001
      398    1.986146879E+001    1.074848940E+001    7.500000000E+000
      399    1.837943529E+001    1.312266457E+001    1.000000000E+001
      400    1.890602859E+001    1.235192496E+001    7.500000000E+000
      401    1.723299915E+001    1.459560576E+001    1.000000000E+001
      402    1.782144104E+001    1.387098434E+001    7.500000000E+000
      403    1.596884415E+001    1.596884415E+001    1.000000000E+001
      404    1.661511497E+001    1.529529083E+001    7.500000000E+000
      405    1.459560576E+001    1.723299915E+001    1.000000000E+001
      406    1.529529083E+001    1.661511497E+001    7.500000000E+000
      407    1.312266457E+001    1.837943529E+001    1.000000000E+001
      408    1.387098434E+001    1.782144104E+001    7.500000000E+000
      409    1.156008228E+001    1.940032125E+001    1.000000000E+001
      410    1.235192496E+001    1.890602859E+001    7.500000000E+000
      411    9.918532909E+000    2.028868335E+001    1.000000000E+001
      412    1.074848940E+001    1.986146879E+001    7.500000000E+000
      413    8.209229899E+000    2.103845317E+001    1.000000000E+001
      414    9.071630769E+000    2.068123503E+001    7.500000000E+000
      415    6.443849525E+000    2.164450901E+001    1.000000000E+001
      416    7.332803698E+000    2.135972746E+001    7.500000000E+000
      417    4.634451124E+000    2.210271092E+001    1.000000000E+001
      418    5.543886143E+000    2.189231129E+001    7.500000000E+000
      419    2.793394724E+000    2.240992889E+001    1.000000000E+001
      420    3.717098224E+000    2.227534844E+001    7.500000000E+000
      421    9.332566041E-001    2.256406433E+001    1.000000000E+001
      422    1.864918755E+000    2.250622237E+001    7.500000000E+000
      423    1.513467908E-015    2.471680666E+001    1.000000000E+001
      424    1.382831730E-015    2.258335598E+001    7.500000000E+000
      425    1.774740262E-015    2.898370801E+001    1.000000000E+001
      426    1.644104085E-015    2.685025734E+001    7.500000000E+000
      427    3.109057712E+001    1.285915782E+000    1.000000000E+001
      428    3.111715869E+001    0.000000000E+000    7.500000000E+000
      429    3.087819696E+001    3.848963237E+000    1.000000000E+001
      430    3.101087782E+001    2.569634598E+000    7.500000000E+000
      431    3.045488739E+001    6.385718370E+000    1.000000000E+001
      432    3.069276121E+001    5.121715986E+000    7.500000000E+000
      433    2.982354007E+001    8.878852571E+000    1.000000000E+001
      434    3.016498191E+001    7.638810861E+000    7.500000000E+000
      435    2.898846773E+001    1.131133521E+001    1.000000000E+001
      436    2.943114521E+001    1.010372491E+001    7.500000000E+000
      437    2.795537475E+001    1.366654995E+001    1.000000000E+001
      438    2.849626393E+001    1.249962028E+001    7.500000000E+000
      439    2.673131823E+001    1.592840831E+001    1.000000000E+001
      440    2.736672428E+001    1.481013056E+001    7.500000000E+000
      441    2.532465969E+001    1.808145948E+001    1.000000000E+001
      442    2.605024216E+001    1.701947263E+001    7.500000000E+000
      443    2.374500805E+001    2.011099595E+001    1.000000000E+001
      444    2.455581046E+001    1.911255445E+001    7.500000000E+000
      445    2.200315392E+001    2.200315392E+001    1.000000000E+001
      446    2.289363768E+001    2.107507815E+001    7.500000000E+000
      447    2.011099595E+001    2.374500805E+001    1.000000000E+001
      448    2.107507815E+001    2.289363768E+001    7.500000000E+000
      449    1.808145948E+001    2.532465969E+001    1.000000000E+001
      450    1.911255445E+001    2.455581046E+001    7.500000000E+000
      451    1.592840831E+001    2.673131823E+001    1.000000000E+001
      452    1.701947263E+001    2.605024216E+001    7.500000000E+000
      453    1.366654995E+001    2.795537475E+001    1.000000000E+001
      454    1.481013056E+001    2.736672428E+001    7.500000000E+000
      455    1.131133521E+001    2.898846773E+001    1.000000000E+001
      456    1.249962028E+001    2.849626393E+001    7.500000000E+000
      457    8.878852571E+000    2.982354007E+001    1.000000000E+001
      458    1.010372491E+001    2.943114521E+001    7.500000000E+000
      459    6.385718370E+000    3.045488739E+001    1.000000000E+001
      460    7.638810861E+000    3.016498191E+001    7.500000000E+000
      461    3.848963237E+000    3.087819696E+001    1.000000000E+001
      462    5.121715986E+000    3.069276121E+001    7.500000000E+000
      463    1.285915782E+000    3.109057712E+001    1.000000000E+001
      464    1.905376440E-015    3.111715869E+001    7.500000000E+000
      465    2.569634598E+000    3.101087782E+001    7.500000000E+000
      466    3.848963237E+000    3.087819696E+001    5.000000000E+000
      467    2.569634598E+000    3.101087782E+001    2.500000000E+000
      468    1.285915782E+000    3.109057712E+001    5.000000000E+000
      469    6.385718370E+000    3.045488739E+001    5.000000000E+000
      470    5.121715986E+000    3.069276121E+001    2.500000000E+000
      471    8.878852571E+000    2.982354007E+001    5.000000000E+000
      472    7.638810861E+000    3.016498191E+001    2.500000000E+000
      473    1.131133521E+001    2.898846773E+001    5.000000000E+000
      474    1.010372491E+001    2.943114521E+001    2.500000000E+000
      475    1.366654995E+001    2.795537475E+001    5.000000000E+000
      476    1.249962028E+001    2.849626393E+001    2.500000000E+000
      477    1.592840831E+001    2.673131823E+001    5.000000000E+000
      478    1.481013056E+001    2.736672428E+001    2.500000000E+000
      479    1.808145948E+001    2.532465969E+001    5.000000000E+000
      480    1.701947263E+001    2.605024216E+001    2.500000000E+000
      481    2.011099595E+001    2.374500805E+001    5.000000000E+000
      482    1.911255445E+001    2.455581046E+001    2.500000000E+000
      483    2.200315392E+001    2.200315392E+001    5.000000000E+000
      484    2.107507815E+001    2.289363768E+001    2.500000000E+000
      485    2.374500805E+001    2.011099595E+001    5.000000000E+000
      486    2.289363768E+001    2.107507815E+001    2.500000000E+000
      487    2.532465969E+001    1.808145948E+001    5.000000000E+000
      488    2.455581046E+001    1.911255445E+001    2.500000000E+000
      489    2.673131823E+001    1.592840831E+001    5.000000000E+000
      490    2.605024216E+001    1.701947263E+001    2.500000000E+000
      491    2.795537475E+001    1.366654995E+001    5.000000000E+000
      492    2.736672428E+001    1.481013056E+001    2.500000000E+000
      493    2.898846773E+001    1.131133521E+001    5.000000000E+000
      494    2.849626393E+001    1.249962028E+001    2.500000000E+000
      495    2.982354007E+001    8.878852571E+000    5.000000000E+000
      496    2.943114521E+001    1.010372491E+001    2.500000000E+000
      497    3.045488739E+001    6.385718370E+000    5.000000000E+000
      498    3.016498191E+001    7.638810861E+000    2.500000000E+000
      499    3.087819696E+001    3.848963237E+000    5.000000000E+000
      500    3.069276121E+001    5.121715986E+000    2.500000000E+000
      501    3.101087782E+001    2.569634598E+000    2.500000000E+000
      502    3.109057712E+001    1.285915782E+000    5.000000000E+000
      503    3.109057712E+001    1.285915782E+000    0.000000000E+000
      504    3.087819696E+001    3.848963237E+000    0.000000000E+000
      505    3.111715869E+001    0.000000000E+000    2.500000000E+000
      506    2.898370801E+001    0.000000000E+000    0.000000000E+000
      507    3.045488739E+001    6.385718370E+000    0.000000000E+000
      508    2.982354007E+001    8.878852571E+000    0.000000000E+000
      509    2.898846773E+001    1.131133521E+001    0.000000000E+000
      510    2.795537475E+001    1.366654995E+001    0.000000000E+000
      511    2.673131823E+001    1.592840831E+001    0.000000000E+000
      512    2.532465969E+001    1.808145948E+001    0.000000000E+000
      513    2.374500805E+001    2.011099595E+001    0.000000000E+000
      514    2.200315392E+001    2.200315392E+001    0.000000000E+000
      515    2.011099595E+001    2.374500805E+001    0.000000000E+000
      516    1.808145948E+001    2.532465969E+001    0.000000000E+000
      517    1.592840831E+001    2.673131823E+001    0.000000000E+000
      518    1.366654995E+001    2.795537475E+001    0.000000000E+000
      519    1.131133521E+001    2.898846773E+001    0.000000000E+000
      520    8.878852571E+000    2.982354007E+001    0.000000000E+000
      521    6.385718370E+000    3.045488739E+001    0.000000000E+000
      522    3.848963237E+000    3.087819696E+001    0.000000000E+000
      523    1.285915782E+000    3.109057712E+001    0.000000000E+000
      524    1.905376440E-015    3.111715869E+001    2.500000000E+000
      525    1.774740262E-015    2.898370801E+001    0.000000000E+000
      526    2.898370801E+001    0.000000000E+000    5.000000000E+000
      527    1.774740262E-015    2.898370801E+001    5.000000000E+000
      528    1.644104085E-015    2.685025734E+001    2.500000000E+000
      529    1.513467908E-015    2.471680666E+001    5.000000000E+000
      530    1.513467908E-015    2.471680666E+001    0.000000000E+000
      531    1.382831730E-015    2.258335598E+001    2.500000000E+000
      532    9.332566041E-001    2.256406433E+001    0.000000000E+000
      533    9.332566041E-001    2.256406433E+001    5.000000000E+000
      534    2.240992889E+001    2.793394724E+000    5.000000000E+000
      535    2.250622237E+001    1.864918755E+000    2.500000000E+000
      536    2.256406433E+001    9.332566041E-001    5.000000000E+000
      537    2.210271092E+001    4.634451124E+000    5.000000000E+000
      538    2.227534844E+001    3.717098224E+000    2.500000000E+000
      539    2.164450901E+001    6.443849525E+000    5.000000000E+000
      540    2.189231129E+001    5.543886143E+000    2.500000000E+000
      541    2.103845317E+001    8.209229899E+000    5.000000000E+000
      542    2.135972746E+001    7.332803698E+000    2.500000000E+000
      543    2.028868335E+001    9.918532909E+000    5.000000000E+000
      544    2.068123503E+001    9.071630769E+000    2.500000000E+000
      545    1.940032125E+001    1.156008228E+001    5.000000000E+000
      546    1.986146879E+001    1.074848940E+001    2.500000000E+000
      547    1.837943529E+001    1.312266457E+001    5.000000000E+000
      548    1.890602859E+001    1.235192496E+001    2.500000000E+000
      549    1.723299915E+001    1.459560576E+001    5.000000000E+000
      550    1.782144104E+001    1.387098434E+001    2.500000000E+000
      551    1.596884415E+001    1.596884415E+001    5.000000000E+000
      552    1.661511497E+001    1.529529083E+001    2.500000000E+000
      553    1.459560576E+001    1.723299915E+001    5.000000000E+000
      554    1.529529083E+001    1.661511497E+001    2.500000000E+000
      555    1.312266457E+001    1.837943529E+001    5.000000000E+000
      556    1.387098434E+001    1.782144104E+001    2.500000000E+000
      557    1.156008228E+001    1.940032125E+001    5.000000000E+000
      558    1.235192496E+001    1.890602859E+001    2.500000000E+000
      559    9.918532909E+000    2.028868335E+001    5.000000000E+000
      560    1.074848940E+001    1.986146879E+001    2.500000000E+000
      561    8.209229899E+000    2.103845317E+001    5.000000000E+000
      562    9.071630769E+000    2.068123503E+001    2.500000000E+000
      563    6.443849525E+000    2.164450901E+001    5.000000000E+000
      564    7.332803698E+000    2.135972746E+001    2.500000000E+000
      565    4.634451124E+000    2.210271092E+001    5.000000000E+000
      566    5.543886143E+000    2.189231129E+001    2.500000000E+000
      567    2.793394724E+000    2.240992889E+001    5.000000000E+000
      568    3.717098224E+000    2.227534844E+001    2.500000000E+000
      569    1.864918755E+000    2.250622237E+001    2.500000000E+000
      570    2.256406433E+001    9.332566041E-001    0.000000000E+000
      571    2.240992889E+001    2.793394724E+000    0.000000000E+000
      572    2.258335598E+001    0.000000000E+000    2.500000000E+000
      573    2.471680666E+001    0.000000000E+000    0.000000000E+000
      574    2.210271092E+001    4.634451124E+000    0.000000000E+000
      575    2.164450901E+001    6.443849525E+000    0.000000000E+000
      576    2.103845317E+001    8.209229899E+000    0.000000000E+000
      577    2.028868335E+001    9.918532909E+000    0.000000000E+000
      578    1.940032125E+001    1.156008228E+001    0.000000000E+000
      579    1.837943529E+001    1.312266457E+001    0.000000000E+000
      580    1.723299915E+001    1.459560576E+001    0.000000000E+000
      581    1.596884415E+001    1.596884415E+001    0.000000000E+000
      582    1.459560576E+001    1.723299915E+001    0.000000000E+000
      583    1.312266457E+001    1.837943529E+001    0.000000000E+000
      584    1.156008228E+001    1.940032125E+001    0.000000000E+000
      585    9.918532909E+000    2.028868335E+001    0.000000000E+000
      586    8.209229899E+000    2.103845317E+001    0.000000000E+000
      587    6.443849525E+000    2.164450901E+001    0.000000000E+000
      588    4.634451124E+000    2.210271092E+001    0.000000000E+000
      589    2.793394724E+000    2.240992889E+001    0.000000000E+000
      590    2.471680666E+001    0.000000000E+000    5.000000000E+000
      591    2.685025734E+001    0.000000000E+000    2.500000000E+000
-1
/wb,elem,start            !  set before creation of elements
/com,*********** Elements for Body 1 "Solid" ***********
et,1,186
keyo,1,2,1          ! set full integration on SOLID186
eblock,19,solid,,76
(19i9)
        1        1        1        1        0        0        0        0       20        0        1        1      137      136       97       36      138      134      133
      185      527      468      184      325      525      523      324      182      528      524      467
        1        1        1        1        0        0        0        0       20        0        2        1       97      136      137       37       96       95       76
      184      468      527      185      330      463      425      329      183      465      464      426
        1        1        1        1        0        0        0        0       20        0        3        1      158      140      137       36      177      139      138
      186      533      529      185      326      532      530      325      182      569      531      528
        1        1        1        1        0        0        0        0       20        0        4        1      137      140      158       37       76       75       74
      185      529      533      186      329      423      421      328      183      426      424      422
        1        1        1        1        0        0        0        0       20        0        5        1       97       98        2       36      133      132       35
      184      466      190      181      324      522      322      321      182      467      470      188
        1        1        1        1        0        0        0        0       20        0        6        1        2       98       97       37       38       94       96
      181      190      466      184      327      333      461      330      183      189      462      465
        1        1        1        1        0        0        0        0       20        0        7        1        2      157      158       36       35      176      177
      181      191      567      186      321      323      589      326      182      188      568      569
        1        1        1        1        0        0        0        0       20        0        8        1      158      157        2       37       74       73       38
      186      567      191      181      328      419      332      327      183      422      420      189
        1        1        1        1        0        0        0        0       20        0        9        2       98       99        3       35      132      131       34
      190      469      195      187      322      521      319      318      188      470      472      193
        1        1        1        1        0        0        0        0       20        0       10        2        3       99       98       38       39       93       94
      187      195      469      190      331      336      459      333      189      194      460      462
        1        1        1        1        0        0        0        0       20        0       11        2        3      156      157       35       34      175      176
      187      196      565      191      318      320      588      323      188      193      566      568
        1        1        1        1        0        0        0        0       20        0       12        2      157      156        3       38       73       72       39
      191      565      196      187      332      417      335      331      189      420      418      194
        1        1        1        1        0        0        0        0       20        0       13        3       99      100        4       34      131      130       33
      195      471      200      192      319      520      316      315      193      472      474      198
        1        1        1        1        0        0        0        0       20        0       14        3        4      100       99       39       40       92       93
      192      200      471      195      334      339      457      336      194      199      458      460
        1        1        1        1        0        0        0        0       20        0       15        3        4      155      156       34       33      174      175
      192      201      563      196      315      317      587      320      193      198      564      566
        1        1        1        1        0        0        0        0       20        0       16        3      156      155        4       39       72       71       40
      196      563      201      192      335      415      338      334      194      418      416      199
        1        1        1        1        0        0        0        0       20        0       17        4      100      101        5       33      130      129       32
      200      473      205      197      316      519      313      312      198      474      476      203
        1        1        1        1        0        0        0        0       20        0       18        4        5      101      100       40       41       91       92
      197      205      473      200      337      342      455      339      199      204      456      458
        1        1        1        1        0        0        0        0       20        0       19        4        5      154      155       33       32      173      174
      197      206      561      201      312      314      586      317      198      203      562      564
        1        1        1        1        0        0        0        0       20        0       20        4      155      154        5       40       71       70       41
      201      561      206      197      338      413      341      337      199      416      414      204
        1        1        1        1        0        0        0        0       20        0       21        5      101      102        6       32      129      128       31
      205      475      210      202      313      518      310      309      203      476      478      208
        1        1        1        1        0        0        0        0       20        0       22        5        6      102      101       41       42       90       91
      202      210      475      205      340      345      453      342      204      209      454      456
        1        1        1        1        0        0        0        0       20        0       23        5        6      153      154       32       31      172      173
      202      211      559      206      309      311      585      314      203      208      560      562
        1        1        1        1        0        0        0        0       20        0       24        5      154      153        6       41       70       69       42
      206      559      211      202      341      411      344      340      204      414      412      209
        1        1        1        1        0        0        0        0       20        0       25        6      102      103        7       31      128      127       30
      210      477      215      207      310      517      307      306      208      478      480      213
        1        1        1        1        0        0        0        0       20        0       26        6        7      103      102       42       43       89       90
      207      215      477      210      343      348      451      345      209      214      452      454
        1        1        1        1        0        0        0        0       20        0       27        6        7      152      153       31       30      171      172
      207      216      557      211      306      308      584      311      208      213      558      560
        1        1        1        1        0        0        0        0       20        0       28        6      153      152        7       42       69       68       43
      211      557      216      207      344      409      347      343      209      412      410      214
        1        1        1        1        0        0        0        0       20        0       29        7      103      104        8       30      127      126       29
      215      479      220      212      307      516      304      303      213      480      482      218
        1        1        1        1        0        0        0        0       20        0       30        7        8      104      103       43       44       88       89
      212      220      479      215      346      351      449      348      214      219      450      452
        1        1        1        1        0        0        0        0       20        0       31        7        8      151      152       30       29      170      171
      212      221      555      216      303      305      583      308      213      218      556      558
        1        1        1        1        0        0        0        0       20        0       32        7      152      151        8       43       68       67       44
      216      555      221      212      347      407      350      346      214      410      408      219
        1        1        1        1        0        0        0        0       20        0       33        8      104      105        9       29      126      125       28
      220      481      225      217      304      515      301      300      218      482      484      223
        1        1        1        1        0        0        0        0       20        0       34        8        9      105      104       44       45       87       88
      217      225      481      220      349      354      447      351      219      224      448      450
        1        1        1        1        0        0        0        0       20        0       35        8        9      150      151       29       28      169      170
      217      226      553      221      300      302      582      305      218      223      554      556
        1        1        1        1        0        0        0        0       20        0       36        8      151      150        9       44       67       66       45
      221      553      226      217      350      405      353      349      219      408      406      224
        1        1        1        1        0        0        0        0       20        0       37        9      105      106       10       28      125      124       27
      225      483      230      222      301      514      298      297      223      484      486      228
        1        1        1        1        0        0        0        0       20        0       38        9       10      106      105       45       46       86       87
      222      230      483      225      352      357      445      354      224      229      446      448
        1        1        1        1        0        0        0        0       20        0       39        9       10      149      150       28       27      168      169
      222      231      551      226      297      299      581      302      223      228      552      554
        1        1        1        1        0        0        0        0       20        0       40        9      150      149       10       45       66       65       46
      226      551      231      222      353      403      356      352      224      406      404      229
        1        1        1        1        0        0        0        0       20        0       41       10      106      107       11       27      124      123       26
      230      485      235      227      298      513      295      294      228      486      488      233
        1        1        1        1        0        0        0        0       20        0       42       10       11      107      106       46       47       85       86
      227      235      485      230      355      360      443      357      229      234      444      446
        1        1        1        1        0        0        0        0       20        0       43       10       11      148      149       27       26      167      168
      227      236      549      231      294      296      580      299      228      233      550      552
        1        1        1        1        0        0        0        0       20        0       44       10      149      148       11       46       65       64       47
      231      549      236      227      356      401      359      355      229      404      402      234
        1        1        1        1        0        0        0        0       20        0       45       11      107      108       12       26      123      122       25
      235      487      240      232      295      512      292      291      233      488      490      238
        1        1        1        1        0        0        0        0       20        0       46       11       12      108      107       47       48       84       85
      232      240      487      235      358      363      441      360      234      239      442      444
        1        1        1        1        0        0        0        0       20        0       47       11       12      147      148       26       25      166      167
      232      241      547      236      291      293      579      296      233      238      548      550
        1        1        1        1        0        0        0        0       20        0       48       11      148      147       12       47       64       63       48
      236      547      241      232      359      399      362      358      234      402      400      239
        1        1        1        1        0        0        0        0       20        0       49       12      108      109       13       25      122      121       24
      240      489      245      237      292      511      289      288      238      490      492      243
        1        1        1        1        0        0        0        0       20        0       50       12       13      109      108       48       49       83       84
      237      245      489      240      361      366      439      363      239      244      440      442
        1        1        1        1        0        0        0        0       20        0       51       12       13      146      147       25       24      165      166
      237      246      545      241      288      290      578      293      238      243      546      548
        1        1        1        1        0        0        0        0       20        0       52       12      147      146       13       48       63       62       49
      241      545      246      237      362      397      365      361      239      400      398      244
        1        1        1        1        0        0        0        0       20        0       53       13      109      110       14       24      121      120       23
      245      491      250      242      289      510      286      285      243      492      494      248
        1        1        1        1        0        0        0        0       20        0       54       13       14      110      109       49       50       82       83
      242      250      491      245      364      369      437      366      244      249      438      440
        1        1        1        1        0        0        0        0       20        0       55       13       14      145      146       24       23      164      165
      242      251      543      246      285      287      577      290      243      248      544      546
        1        1        1        1        0        0        0        0       20        0       56       13      146      145       14       49       62       61       50
      246      543      251      242      365      395      368      364      244      398      396      249
        1        1        1        1        0        0        0        0       20        0       57       14      110      111       15       23      120      119       22
      250      493      255      247      286      509      283      282      248      494      496      253
        1        1        1        1        0        0        0        0       20        0       58       14       15      111      110       50       51       81       82
      247      255      493      250      367      372      435      369      249      254      436      438
        1        1        1        1        0        0        0        0       20        0       59       14       15      144      145       23       22      163      164
      247      256      541      251      282      284      576      287      248      253      542      544
        1        1        1        1        0        0        0        0       20        0       60       14      145      144       15       50       61       60       51
      251      541      256      247      368      393      371      367      249      396      394      254
        1        1        1        1        0        0        0        0       20        0       61       15      111      112       16       22      119      118       21
      255      495      260      252      283      508      280      279      253      496      498      258
        1        1        1        1        0        0        0        0       20        0       62       15       16      112      111       51       52       80       81
      252      260      495      255      370      375      433      372      254      259      434      436
        1        1        1        1        0        0        0        0       20        0       63       15       16      143      144       22       21      162      163
      252      261      539      256      279      281      575      284      253      258      540      542
        1        1        1        1        0        0        0        0       20        0       64       15      144      143       16       51       60       59       52
      256      539      261      252      371      391      374      370      254      394      392      259
        1        1        1        1        0        0        0        0       20        0       65       16      112      113       17       21      118      117       20
      260      497      265      257      280      507      277      276      258      498      500      263
        1        1        1        1        0        0        0        0       20        0       66       16       17      113      112       52       53       79       80
      257      265      497      260      373      378      431      375      259      264      432      434
        1        1        1        1        0        0        0        0       20        0       67       16       17      142      143       21       20      161      162
      257      266      537      261      276      278      574      281      258      263      538      540
        1        1        1        1        0        0        0        0       20        0       68       16      143      142       17       52       59       58       53
      261      537      266      257      374      389      377      373      259      392      390      264
        1        1        1        1        0        0        0        0       20        0       69       17      113      114       18       20      117      115       19
      265      499      269      262      277      504      273      272      263      500      501      267
        1        1        1        1        0        0        0        0       20        0       70       17       18      114      113       53       54       78       79
      262      269      499      265      376      381      429      378      264      268      430      432
        1        1        1        1        0        0        0        0       20        0       71       17       18      141      142       20       19      159      161
      262      270      534      266      272      274      571      278      263      267      535      538
        1        1        1        1        0        0        0        0       20        0       72       17      142      141       18       53       58       57       54
      266      534      270      262      377      387      380      376      264      390      388      268
        1        1        1        1        0        0        0        0       20        0       73       18      114      135      179       19      115      116      180
      269      502      526      271      273      503      506      275      267      501      505      591
        1        1        1        1        0        0        0        0       20        0       74       18      179      135      114       54       55       77       78
      271      526      502      269      379      383      427      381      268      384      428      430
        1        1        1        1        0        0        0        0       20        0       75       18      179      178      141       19      180      160      159
      271      590      536      270      275      573      570      274      267      591      572      535
        1        1        1        1        0        0        0        0       20        0       76       18      141      178      179       54       57       56       55
      270      536      590      271      380      385      382      379      268      388      386      384
-1
!Material Id = {D6EA3A72-F6E7-4529-A9C6-F4521793F507}
/wb,elem,end               !  done creating elements
/com,*********** Send User Defined Coordinate System(s) ***********
local,12,1,0.,0.,0.,-0.,0.,0.
CYL1 = 12      ! Set Coordinate System ID to User Specified Name
csys,0
toffst,273.15,  ! Temperature offset from absolute zero
/com,*********** Set Reference Temperature ***********
tref,22.
/wb,mat,start              !  starting to send materials
/com,*********** Send Materials ***********
MP,DENS,1,7.85e-09,	! tonne mm^-3
MP,ALPX,1,1.2e-05,	! C^-1
MP,C,1,434000000,	! mm^2 s^-2 C^-1
MP,KXX,1,60.5,	! tonne mm s^-3 C^-1
MP,RSVX,1,0.00017,	! ohm mm
MP,EX,1,200000,	! tonne s^-2 mm^-1
MP,NUXY,1,0.3,
MP,MURX,1,10000,

/wb,mat,end                !  done sending materials
!************************* Model Summary ********************
!Solid,	Structural Steel,	matid,	1
!************************* End Model Summary ********************
! get the diagonal of the bounding box. Needed later for other things
*get,_xmin,node,,mnloc,x
*get,_ymin,node,,mnloc,y
*get,_zmin,node,,mnloc,z
*get,_xmax,node,,mxloc,x
*get,_ymax,node,,mxloc,y
*get,_zmax,node,,mxloc,z
_ASMDIAG=(_xmax-_xmin)*(_xmax-_xmin)+(_ymax-_ymin)*(_ymax-_ymin)+(_zmax-_zmin)*(_zmax-_zmin)
_ASMDIAG=SQRT(_ASMDIAG)
/wb,contact,start          !  starting to send contact
/wb,contact,end            !  done creating contacts
/com,*********** Send Named Selection as Node Component ***********
CMBLOCK,LEFT    ,NODE,       21
(8i10)
        75        76        95       134       136       137       138       139
       140       423       424       425       426       464       524       525
       527       528       529       530       531
/com,*********** Send Named Selection as Node Component ***********
CMBLOCK,RIGHT   ,NODE,       21
(8i10)
        55        56        77       116       135       160       178       179
       180       382       383       384       386       428       505       506
       526       572       573       590       591
/com,*********** Send Named Selection as Node Component ***********
CMBLOCK,DIRICHLET,NODE,      157
(8i10)
        56        57        58        59        60        61        62        63
        64        65        66        67        68        69        70        71
        72        73        74        75       139       140       141       142
       143       144       145       146       147       148       149       150
       151       152       153       154       155       156       157       158
       159       160       161       162       163       164       165       166
       167       168       169       170       171       172       173       174
       175       176       177       178       385       386       387       388
       389       390       391       392       393       394       395       396
       397       398       399       400       401       402       403       404
       405       406       407       408       409       410       411       412
       413       414       415       416       417       418       419       420
       421       422       424       531       532       533       534       535
       536       537       538       539       540       541       542       543
       544       545       546       547       548       549       550       551
       552       553       554       555       556       557       558       559
       560       561       562       563       564       565       566       567
       568       569       570       571       572       574       575       576
       577       578       579       580       581       582       583       584
       585       586       587       588       589
/golist
/wb,load,start             !  starting to send loads
/com,*********** Fixed Supports ***********
CMBLOCK,_FIXEDSU,NODE,      157
(8i10)
        56        57        58        59        60        61        62        63
        64        65        66        67        68        69        70        71
        72        73        74        75       139       140       141       142
       143       144       145       146       147       148       149       150
       151       152       153       154       155       156       157       158
       159       160       161       162       163       164       165       166
       167       168       169       170       171       172       173       174
       175       176       177       178       385       386       387       388
       389       390       391       392       393       394       395       396
       397       398       399       400       401       402       403       404
       405       406       407       408       409       410       411       412
       413       414       415       416       417       418       419       420
       421       422       424       531       532       533       534       535
       536       537       538       539       540       541       542       543
       544       545       546       547       548       549       550       551
       552       553       554       555       556       557       558       559
       560       561       562       563       564       565       566       567
       568       569       570       571       572       574       575       576
       577       578       579       580       581       582       583       584
       585       586       587       588       589
cmsel,s,_FIXEDSU
d,all,all
nsel,all
/com,*********** Node Rotations ***********
nmod,76,,,,90.,0.,0.
nmod,95,,,,90.,0.,0.
nmod,134,,,,90.,0.,0.
nmod,136,,,,90.,0.,0.
nmod,137,,,,90.,0.,0.
nmod,138,,,,90.,0.,0.
nmod,423,,,,90.,0.,0.
nmod,425,,,,90.,0.,0.
nmod,426,,,,90.,0.,0.
nmod,464,,,,90.,0.,0.
nmod,524,,,,90.,0.,0.
nmod,525,,,,90.,0.,0.
nmod,527,,,,90.,0.,0.
nmod,528,,,,90.,0.,0.
nmod,529,,,,90.,0.,0.
nmod,530,,,,90.,0.,0.
/com,*********** Create Periodic/Cyclic Symmetry ***********
CYCOPT,USRROT,1
CYCOPT,STATUS
*DIM,_CYCLICMAP,ARRAY,2,21
*SET,_CYCLICMAP(1,1),55,76
*SET,_CYCLICMAP(1,2),56,75
*SET,_CYCLICMAP(1,3),77,95
*SET,_CYCLICMAP(1,4),116,134
*SET,_CYCLICMAP(1,5),135,136
*SET,_CYCLICMAP(1,6),160,139
*SET,_CYCLICMAP(1,7),178,140
*SET,_CYCLICMAP(1,8),179,137
*SET,_CYCLICMAP(1,9),180,138
*SET,_CYCLICMAP(1,10),382,423
*SET,_CYCLICMAP(1,11),383,425
*SET,_CYCLICMAP(1,12),384,426
*SET,_CYCLICMAP(1,13),386,424
*SET,_CYCLICMAP(1,14),428,464
*SET,_CYCLICMAP(1,15),505,524
*SET,_CYCLICMAP(1,16),506,525
*SET,_CYCLICMAP(1,17),526,527
*SET,_CYCLICMAP(1,18),572,531
*SET,_CYCLICMAP(1,19),573,530
*SET,_CYCLICMAP(1,20),590,529
*SET,_CYCLICMAP(1,21),591,528
CYCLIC,4,,12,,,_CYCLICMAP
/gst,on,on
fini
*get,_numnode,node,0,count
*get,_numelem,elem,0,count
*get, _MAXELEMNUM, elem, 0, NUM, MAX
*get, _MAXNODENUM, node, 0, NUM, MAX
*get, _MAXELEMTYPE, etyp, 0, NUM, MAX
*get, _MAXREALCONST, real, 0, NUM, MAX
/go
/wb,load,end               !  done creating loads
/com,--- Number of total nodes = %_numnode%
/com,--- Number of contact elements = 0
/com,--- Number of spring elements = 0
/com,--- Number of bearing elements = 0
/com,--- Number of solid elements = 76
/com,--- Number of condensed parts = 0
/com,--- Number of total elements = %_numelem%
*get,_wallbsol,active,,time,wall

